PV Cell Characteristics


Date and Time: 2019-11-18 19:32:24


Model:            g191113-4-1
Serial Number:    2
Operator Name:    
Cell Area(m2):    0.000012

Voc(V):           0.538000
Isc(A):           0.003307
Vm(V):            0.364000
Im(A):            0.002775
Pmax(W):          0.001010
Efficiency(%):    8.416202
Fill Factor(%):   56.773413
Jsc(A/m2):        275.542667
Rs(ohm):          42.543839
Rsh(ohm):         8639.308855
Light Intensity(W/m2):    1000.000000
Cell Temperature deg.(C): 25.000000



Raw data:
I(A)      	V(V)      	P(W)


3.340870E-003	-2.000000E-001	-6.681740E-004
3.338875E-003	-1.940000E-001	-6.477418E-004
3.337838E-003	-1.880000E-001	-6.275135E-004
3.334941E-003	-1.820000E-001	-6.069593E-004
3.334583E-003	-1.760000E-001	-5.868866E-004
3.334445E-003	-1.700000E-001	-5.668557E-004
3.334436E-003	-1.640000E-001	-5.468475E-004
3.333392E-003	-1.580000E-001	-5.266759E-004
3.330669E-003	-1.520000E-001	-5.062617E-004
3.329667E-003	-1.460000E-001	-4.861314E-004
3.328226E-003	-1.400000E-001	-4.659516E-004
3.326939E-003	-1.340000E-001	-4.458098E-004
3.326131E-003	-1.280000E-001	-4.257448E-004
3.324557E-003	-1.220000E-001	-4.055960E-004
3.324802E-003	-1.160000E-001	-3.856770E-004
3.325343E-003	-1.100000E-001	-3.657877E-004
3.325358E-003	-1.040000E-001	-3.458372E-004
3.323474E-003	-9.800000E-002	-3.257005E-004
3.322239E-003	-9.200000E-002	-3.056460E-004
3.321182E-003	-8.600000E-002	-2.856217E-004
3.320274E-003	-8.000000E-002	-2.656219E-004
3.319388E-003	-7.400000E-002	-2.456347E-004
3.318281E-003	-6.800000E-002	-2.256431E-004
3.317336E-003	-6.200000E-002	-2.056748E-004
3.317164E-003	-5.600000E-002	-1.857612E-004
3.317885E-003	-5.000000E-002	-1.658943E-004
3.316576E-003	-4.400000E-002	-1.459293E-004
3.314577E-003	-3.800000E-002	-1.259539E-004
3.313052E-003	-3.200000E-002	-1.060177E-004
3.312174E-003	-2.600000E-002	-8.611652E-005
3.310183E-003	-2.000000E-002	-6.620366E-005
3.309098E-003	-1.400000E-002	-4.632737E-005
3.307628E-003	-8.000000E-003	-2.646102E-005
3.306512E-003	-2.000000E-003	-6.613024E-006
3.306239E-003	4.000000E-003	1.322496E-005
3.305961E-003	1.000000E-002	3.305961E-005
3.305249E-003	1.600000E-002	5.288398E-005
3.302354E-003	2.200000E-002	7.265179E-005
3.300024E-003	2.800000E-002	9.240067E-005
3.298533E-003	3.400000E-002	1.121501E-004
3.296295E-003	4.000000E-002	1.318518E-004
3.295183E-003	4.600000E-002	1.515784E-004
3.292610E-003	5.200000E-002	1.712157E-004
3.290479E-003	5.800000E-002	1.908478E-004
3.290080E-003	6.400000E-002	2.105651E-004
3.288890E-003	7.000000E-002	2.302223E-004
3.286669E-003	7.600000E-002	2.497868E-004
3.284662E-003	8.200000E-002	2.693423E-004
3.282286E-003	8.800000E-002	2.888412E-004
3.280701E-003	9.400000E-002	3.083859E-004
3.277101E-003	1.000000E-001	3.277101E-004
3.274367E-003	1.060000E-001	3.470829E-004
3.272390E-003	1.120000E-001	3.665077E-004
3.269926E-003	1.180000E-001	3.858513E-004
3.270460E-003	1.240000E-001	4.055370E-004
3.267676E-003	1.300000E-001	4.247979E-004
3.264350E-003	1.360000E-001	4.439516E-004
3.261503E-003	1.420000E-001	4.631334E-004
3.258873E-003	1.480000E-001	4.823132E-004
3.256538E-003	1.540000E-001	5.015069E-004
3.252996E-003	1.600000E-001	5.204794E-004
3.250290E-003	1.660000E-001	5.395481E-004
3.247729E-003	1.720000E-001	5.586094E-004
3.245876E-003	1.780000E-001	5.777659E-004
3.244419E-003	1.840000E-001	5.969731E-004
3.240600E-003	1.900000E-001	6.157140E-004
3.235897E-003	1.960000E-001	6.342358E-004
3.232319E-003	2.020000E-001	6.529284E-004
3.227981E-003	2.080000E-001	6.714200E-004
3.223753E-003	2.140000E-001	6.898831E-004
3.218605E-003	2.200000E-001	7.080931E-004
3.213328E-003	2.260000E-001	7.262121E-004
3.207975E-003	2.320000E-001	7.442502E-004
3.201951E-003	2.380000E-001	7.620643E-004
3.196466E-003	2.440000E-001	7.799377E-004
3.190295E-003	2.500000E-001	7.975738E-004
3.182024E-003	2.560000E-001	8.145981E-004
3.172134E-003	2.620000E-001	8.310991E-004
3.162339E-003	2.680000E-001	8.475069E-004
3.151452E-003	2.740000E-001	8.634978E-004
3.139696E-003	2.800000E-001	8.791149E-004
3.126573E-003	2.860000E-001	8.941999E-004
3.111609E-003	2.920000E-001	9.085898E-004
3.096325E-003	2.980000E-001	9.227049E-004
3.079384E-003	3.040000E-001	9.361327E-004
3.061387E-003	3.100000E-001	9.490300E-004
3.038828E-003	3.160000E-001	9.602696E-004
3.013943E-003	3.220000E-001	9.704896E-004
2.987991E-003	3.280000E-001	9.800610E-004
2.959135E-003	3.340000E-001	9.883511E-004
2.927947E-003	3.400000E-001	9.955020E-004
2.893702E-003	3.460000E-001	1.001221E-003
2.856968E-003	3.520000E-001	1.005653E-003
2.816715E-003	3.580000E-001	1.008384E-003
2.774572E-003	3.640000E-001	1.009944E-003
2.727516E-003	3.700000E-001	1.009181E-003
2.676959E-003	3.760000E-001	1.006537E-003
2.622155E-003	3.820000E-001	1.001663E-003
2.564250E-003	3.880000E-001	9.949290E-004
2.503396E-003	3.940000E-001	9.863380E-004
2.437877E-003	4.000000E-001	9.751508E-004
2.369147E-003	4.060000E-001	9.618737E-004
2.295940E-003	4.120000E-001	9.459273E-004
2.220250E-003	4.180000E-001	9.280645E-004
2.140542E-003	4.240000E-001	9.075898E-004
2.056169E-003	4.300000E-001	8.841527E-004
1.967115E-003	4.360000E-001	8.576621E-004
1.874963E-003	4.420000E-001	8.287336E-004
1.779126E-003	4.480000E-001	7.970484E-004
1.679479E-003	4.540000E-001	7.624835E-004
1.576729E-003	4.600000E-001	7.252953E-004
1.470393E-003	4.660000E-001	6.852031E-004
1.361072E-003	4.720000E-001	6.424260E-004
1.247542E-003	4.780000E-001	5.963251E-004
1.131547E-003	4.840000E-001	5.476687E-004
1.011024E-003	4.900000E-001	4.954018E-004
8.873810E-004	4.960000E-001	4.401410E-004
7.622042E-004	5.020000E-001	3.826265E-004
6.338307E-004	5.080000E-001	3.219860E-004
5.035211E-004	5.140000E-001	2.588098E-004
3.705561E-004	5.200000E-001	1.926892E-004
2.354580E-004	5.260000E-001	1.238509E-004
9.680189E-005	5.320000E-001	5.149861E-005
-4.355359E-005	5.380000E-001	-2.343183E-005
-1.852601E-004	5.440000E-001	-1.007815E-004
-3.287589E-004	5.500000E-001	-1.808174E-004
-4.743434E-004	5.560000E-001	-2.637349E-004
-6.216961E-004	5.620000E-001	-3.493932E-004
-7.705002E-004	5.680000E-001	-4.376441E-004
-9.202235E-004	5.740000E-001	-5.282083E-004
-1.071263E-003	5.800000E-001	-6.213325E-004
-1.223290E-003	5.860000E-001	-7.168479E-004
-1.376123E-003	5.920000E-001	-8.146648E-004
-1.530332E-003	5.980000E-001	-9.151385E-004
-1.686286E-003	6.040000E-001	-1.018517E-003
-1.841970E-003	6.100000E-001	-1.123602E-003
-1.998408E-003	6.160000E-001	-1.231019E-003
-2.155453E-003	6.220000E-001	-1.340692E-003
-2.312924E-003	6.280000E-001	-1.452516E-003
-2.470375E-003	6.340000E-001	-1.566218E-003
-2.628469E-003	6.400000E-001	-1.682220E-003
-2.786556E-003	6.460000E-001	-1.800115E-003
-2.945810E-003	6.520000E-001	-1.920668E-003
-3.105547E-003	6.580000E-001	-2.043450E-003
-3.265551E-003	6.640000E-001	-2.168326E-003
-3.426259E-003	6.700000E-001	-2.295594E-003
-3.588099E-003	6.760000E-001	-2.425555E-003
-3.749535E-003	6.820000E-001	-2.557183E-003
-3.910784E-003	6.880000E-001	-2.690619E-003
-4.072358E-003	6.940000E-001	-2.826216E-003
-4.234111E-003	7.000000E-001	-2.963878E-003
-4.396348E-003	7.060000E-001	-3.103822E-003
-4.558924E-003	7.120000E-001	-3.245954E-003
-4.722298E-003	7.180000E-001	-3.390610E-003
-4.886148E-003	7.240000E-001	-3.537571E-003
-5.050583E-003	7.300000E-001	-3.686926E-003
-5.215263E-003	7.360000E-001	-3.838434E-003
-5.380491E-003	7.420000E-001	-3.992324E-003
-5.547430E-003	7.480000E-001	-4.149478E-003
-5.713677E-003	7.540000E-001	-4.308112E-003
-5.880481E-003	7.600000E-001	-4.469166E-003
-6.048127E-003	7.660000E-001	-4.632865E-003
-6.216700E-003	7.720000E-001	-4.799292E-003
-6.386153E-003	7.780000E-001	-4.968427E-003
-6.556666E-003	7.840000E-001	-5.140426E-003
-6.728486E-003	7.900000E-001	-5.315504E-003
-6.901040E-003	7.960000E-001	-5.493228E-003
-7.074754E-003	8.020000E-001	-5.673953E-003
-7.249150E-003	8.080000E-001	-5.857313E-003
-7.424810E-003	8.140000E-001	-6.043795E-003
-7.602286E-003	8.200000E-001	-6.233875E-003
-7.780358E-003	8.260000E-001	-6.426576E-003
-7.960035E-003	8.320000E-001	-6.622749E-003
-8.141007E-003	8.380000E-001	-6.822164E-003
-8.323419E-003	8.440000E-001	-7.024966E-003
-8.507890E-003	8.500000E-001	-7.231707E-003
-8.694501E-003	8.560000E-001	-7.442493E-003
-8.882333E-003	8.620000E-001	-7.656571E-003
-9.072050E-003	8.680000E-001	-7.874539E-003
-9.263572E-003	8.740000E-001	-8.096362E-003
-9.457050E-003	8.800000E-001	-8.322204E-003
-9.651927E-003	8.860000E-001	-8.551607E-003
-9.850380E-003	8.920000E-001	-8.786539E-003
-1.005024E-002	8.980000E-001	-9.025116E-003
-1.025211E-002	9.040000E-001	-9.267907E-003
-1.045627E-002	9.100000E-001	-9.515206E-003
-1.073890E-002	9.160000E-001	-9.836832E-003
-1.094693E-002	9.220000E-001	-1.009307E-002
-1.115562E-002	9.280000E-001	-1.035242E-002
-1.136787E-002	9.340000E-001	-1.061759E-002
-1.158271E-002	9.400000E-001	-1.088775E-002
-1.180072E-002	9.460000E-001	-1.116348E-002
-1.202186E-002	9.520000E-001	-1.144481E-002
-1.224532E-002	9.580000E-001	-1.173102E-002
-1.247335E-002	9.640000E-001	-1.202431E-002
-1.270392E-002	9.700000E-001	-1.232280E-002
-1.293688E-002	9.760000E-001	-1.262639E-002
-1.317256E-002	9.820000E-001	-1.293545E-002
-1.341168E-002	9.880000E-001	-1.325074E-002
-1.365432E-002	9.940000E-001	-1.357239E-002
