PV Cell Characteristics


Date and Time: 2019-11-18 22:14:07


Model:            g191109-2
Serial Number:    
Operator Name:    
Cell Area(m2):    0.000012

Voc(V):           0.436000
Isc(A):           0.000183
Vm(V):            0.214000
Im(A):            0.000090
Pmax(W):          0.000019
Efficiency(%):    0.160301
Fill Factor(%):   24.156519
Jsc(A/m2):        15.220000
Rs(ohm):          3011.769241
Rsh(ohm):         2255.257569
Light Intensity(W/m2):    1000.000000
Cell Temperature deg.(C): 25.000000



Raw data:
I(A)      	V(V)      	P(W)


2.793093E-004	-2.000000E-001	-5.586186E-005
2.753383E-004	-1.940000E-001	-5.341563E-005
2.718775E-004	-1.880000E-001	-5.111297E-005
2.684464E-004	-1.820000E-001	-4.885724E-005
2.652374E-004	-1.760000E-001	-4.668178E-005
2.620486E-004	-1.700000E-001	-4.454826E-005
2.589408E-004	-1.640000E-001	-4.246629E-005
2.558179E-004	-1.580000E-001	-4.041923E-005
2.527344E-004	-1.520000E-001	-3.841563E-005
2.497638E-004	-1.460000E-001	-3.646551E-005
2.467112E-004	-1.400000E-001	-3.453957E-005
2.438347E-004	-1.340000E-001	-3.267385E-005
2.408233E-004	-1.280000E-001	-3.082538E-005
2.379981E-004	-1.220000E-001	-2.903577E-005
2.351172E-004	-1.160000E-001	-2.727360E-005
2.322745E-004	-1.100000E-001	-2.555020E-005
2.294167E-004	-1.040000E-001	-2.385934E-005
2.265059E-004	-9.800000E-002	-2.219758E-005
2.237168E-004	-9.200000E-002	-2.058195E-005
2.208549E-004	-8.600000E-002	-1.899352E-005
2.181135E-004	-8.000000E-002	-1.744908E-005
2.152637E-004	-7.400000E-002	-1.592951E-005
2.125276E-004	-6.800000E-002	-1.445188E-005
2.097625E-004	-6.200000E-002	-1.300528E-005
2.070575E-004	-5.600000E-002	-1.159522E-005
2.043141E-004	-5.000000E-002	-1.021571E-005
2.015508E-004	-4.400000E-002	-8.868235E-006
1.987847E-004	-3.800000E-002	-7.553819E-006
1.960433E-004	-3.200000E-002	-6.273386E-006
1.933907E-004	-2.600000E-002	-5.028158E-006
1.906345E-004	-2.000000E-002	-3.812690E-006
1.880225E-004	-1.400000E-002	-2.632315E-006
1.852527E-004	-8.000000E-003	-1.482022E-006
1.826400E-004	-2.000000E-003	-3.652800E-007
1.799318E-004	4.000000E-003	7.197272E-007
1.772831E-004	1.000000E-002	1.772831E-006
1.746157E-004	1.600000E-002	2.793851E-006
1.719201E-004	2.200000E-002	3.782242E-006
1.693534E-004	2.800000E-002	4.741895E-006
1.666297E-004	3.400000E-002	5.665410E-006
1.640359E-004	4.000000E-002	6.561436E-006
1.613412E-004	4.600000E-002	7.421695E-006
1.587451E-004	5.200000E-002	8.254745E-006
1.561169E-004	5.800000E-002	9.054780E-006
1.535481E-004	6.400000E-002	9.827078E-006
1.509325E-004	7.000000E-002	1.056528E-005
1.482878E-004	7.600000E-002	1.126987E-005
1.457090E-004	8.200000E-002	1.194814E-005
1.430755E-004	8.800000E-002	1.259064E-005
1.405508E-004	9.400000E-002	1.321178E-005
1.378989E-004	1.000000E-001	1.378989E-005
1.353943E-004	1.060000E-001	1.435180E-005
1.327580E-004	1.120000E-001	1.486890E-005
1.302571E-004	1.180000E-001	1.537034E-005
1.276967E-004	1.240000E-001	1.583439E-005
1.251189E-004	1.300000E-001	1.626546E-005
1.225535E-004	1.360000E-001	1.666728E-005
1.199680E-004	1.420000E-001	1.703546E-005
1.174790E-004	1.480000E-001	1.738689E-005
1.148661E-004	1.540000E-001	1.768938E-005
1.123958E-004	1.600000E-001	1.798333E-005
1.097877E-004	1.660000E-001	1.822476E-005
1.072901E-004	1.720000E-001	1.845390E-005
1.047404E-004	1.780000E-001	1.864379E-005
1.022023E-004	1.840000E-001	1.880522E-005
1.001971E-004	1.900000E-001	1.903745E-005
9.754313E-005	1.960000E-001	1.911845E-005
9.497096E-005	2.020000E-001	1.918413E-005
9.237840E-005	2.080000E-001	1.921471E-005
8.988826E-005	2.140000E-001	1.923609E-005
8.730309E-005	2.200000E-001	1.920668E-005
8.477942E-005	2.260000E-001	1.916015E-005
8.215237E-005	2.320000E-001	1.905935E-005
7.963716E-005	2.380000E-001	1.895364E-005
7.701615E-005	2.440000E-001	1.879194E-005
7.452164E-005	2.500000E-001	1.863041E-005
7.195510E-005	2.560000E-001	1.842051E-005
6.942415E-005	2.620000E-001	1.818913E-005
6.687402E-005	2.680000E-001	1.792224E-005
6.429238E-005	2.740000E-001	1.761611E-005
6.179114E-005	2.800000E-001	1.730152E-005
5.919456E-005	2.860000E-001	1.692964E-005
5.672399E-005	2.920000E-001	1.656341E-005
5.413194E-005	2.980000E-001	1.613132E-005
5.165841E-005	3.040000E-001	1.570416E-005
4.908923E-005	3.100000E-001	1.521766E-005
4.659217E-005	3.160000E-001	1.472313E-005
4.407935E-005	3.220000E-001	1.419355E-005
4.155503E-005	3.280000E-001	1.363005E-005
3.909690E-005	3.340000E-001	1.305836E-005
3.658070E-005	3.400000E-001	1.243744E-005
3.417904E-005	3.460000E-001	1.182595E-005
3.167529E-005	3.520000E-001	1.114970E-005
2.930217E-005	3.580000E-001	1.049018E-005
2.683875E-005	3.640000E-001	9.769305E-006
2.448521E-005	3.700000E-001	9.059528E-006
2.212173E-005	3.760000E-001	8.317770E-006
1.977245E-005	3.820000E-001	7.553076E-006
1.748548E-005	3.880000E-001	6.784366E-006
1.517755E-005	3.940000E-001	5.979955E-006
1.298120E-005	4.000000E-001	5.192480E-006
1.070171E-005	4.060000E-001	4.344894E-006
8.828191E-006	4.120000E-001	3.637215E-006
6.660086E-006	4.180000E-001	2.783916E-006
4.565882E-006	4.240000E-001	1.935934E-006
2.452006E-006	4.300000E-001	1.054363E-006
4.935773E-007	4.360000E-001	2.151997E-007
-1.532363E-006	4.420000E-001	-6.773044E-007
-3.409142E-006	4.480000E-001	-1.527296E-006
-5.344143E-006	4.540000E-001	-2.426241E-006
-7.138022E-006	4.600000E-001	-3.283490E-006
-8.929182E-006	4.660000E-001	-4.160999E-006
-1.039884E-005	4.720000E-001	-4.908252E-006
-1.207950E-005	4.780000E-001	-5.774001E-006
-1.378541E-005	4.840000E-001	-6.672138E-006
-1.535384E-005	4.900000E-001	-7.523382E-006
-1.692588E-005	4.960000E-001	-8.395236E-006
-1.843850E-005	5.020000E-001	-9.256127E-006
-1.988497E-005	5.080000E-001	-1.010156E-005
-2.133569E-005	5.140000E-001	-1.096654E-005
-2.267666E-005	5.200000E-001	-1.179186E-005
-2.408706E-005	5.260000E-001	-1.266979E-005
-2.535272E-005	5.320000E-001	-1.348765E-005
-2.669975E-005	5.380000E-001	-1.436447E-005
-2.791210E-005	5.440000E-001	-1.518418E-005
-2.918867E-005	5.500000E-001	-1.605377E-005
-3.040262E-005	5.560000E-001	-1.690386E-005
-3.158854E-005	5.620000E-001	-1.775276E-005
-3.278644E-005	5.680000E-001	-1.862270E-005
-3.392440E-005	5.740000E-001	-1.947261E-005
-3.514557E-005	5.800000E-001	-2.038443E-005
-3.624131E-005	5.860000E-001	-2.123741E-005
-3.745364E-005	5.920000E-001	-2.217255E-005
-3.854962E-005	5.980000E-001	-2.305267E-005
-3.974813E-005	6.040000E-001	-2.400787E-005
-4.089618E-005	6.100000E-001	-2.494667E-005
-4.205584E-005	6.160000E-001	-2.590640E-005
-4.321679E-005	6.220000E-001	-2.688084E-005
-4.435318E-005	6.280000E-001	-2.785380E-005
-4.555662E-005	6.340000E-001	-2.888290E-005
-4.667761E-005	6.400000E-001	-2.987367E-005
-4.792382E-005	6.460000E-001	-3.095879E-005
-4.906308E-005	6.520000E-001	-3.198913E-005
-5.032921E-005	6.580000E-001	-3.311662E-005
-5.152947E-005	6.640000E-001	-3.421557E-005
-5.278867E-005	6.700000E-001	-3.536841E-005
-5.404251E-005	6.760000E-001	-3.653274E-005
-5.526795E-005	6.820000E-001	-3.769274E-005
-5.657288E-005	6.880000E-001	-3.892214E-005
-5.781473E-005	6.940000E-001	-4.012342E-005
-5.917899E-005	7.000000E-001	-4.142529E-005
-6.044275E-005	7.060000E-001	-4.267258E-005
-6.183094E-005	7.120000E-001	-4.402363E-005
-6.315819E-005	7.180000E-001	-4.534758E-005
-6.456584E-005	7.240000E-001	-4.674567E-005
-6.595965E-005	7.300000E-001	-4.815054E-005
-6.734584E-005	7.360000E-001	-4.956654E-005
-6.878779E-005	7.420000E-001	-5.104054E-005
-7.021952E-005	7.480000E-001	-5.252420E-005
-7.174515E-005	7.540000E-001	-5.409584E-005
-7.317637E-005	7.600000E-001	-5.561404E-005
-7.474222E-005	7.660000E-001	-5.725254E-005
-7.620867E-005	7.720000E-001	-5.883309E-005
-7.780444E-005	7.780000E-001	-6.053185E-005
-7.936859E-005	7.840000E-001	-6.222497E-005
-8.096195E-005	7.900000E-001	-6.395994E-005
-8.257216E-005	7.960000E-001	-6.572744E-005
-8.416780E-005	8.020000E-001	-6.750258E-005
-8.586977E-005	8.080000E-001	-6.938277E-005
-8.747620E-005	8.140000E-001	-7.120563E-005
-8.923370E-005	8.200000E-001	-7.317163E-005
-9.088861E-005	8.260000E-001	-7.507399E-005
-9.267654E-005	8.320000E-001	-7.710688E-005
-9.443695E-005	8.380000E-001	-7.913816E-005
-9.623245E-005	8.440000E-001	-8.122019E-005
-9.802944E-005	8.500000E-001	-8.332502E-005
-9.981509E-005	8.560000E-001	-8.544172E-005
-1.016843E-004	8.620000E-001	-8.765187E-005
-1.034829E-004	8.680000E-001	-8.982316E-005
-1.063460E-004	8.740000E-001	-9.294640E-005
-1.084124E-004	8.800000E-001	-9.540291E-005
-1.102026E-004	8.860000E-001	-9.763950E-005
-1.121682E-004	8.920000E-001	-1.000540E-004
-1.140729E-004	8.980000E-001	-1.024375E-004
-1.160595E-004	9.040000E-001	-1.049178E-004
-1.180278E-004	9.100000E-001	-1.074053E-004
-1.199986E-004	9.160000E-001	-1.099187E-004
-1.220570E-004	9.220000E-001	-1.125366E-004
-1.240532E-004	9.280000E-001	-1.151214E-004
-1.261789E-004	9.340000E-001	-1.178511E-004
-1.282187E-004	9.400000E-001	-1.205256E-004
-1.303640E-004	9.460000E-001	-1.233243E-004
-1.324598E-004	9.520000E-001	-1.261017E-004
-1.346567E-004	9.580000E-001	-1.290011E-004
-1.368500E-004	9.640000E-001	-1.319234E-004
-1.390149E-004	9.700000E-001	-1.348445E-004
-1.412293E-004	9.760000E-001	-1.378398E-004
-1.434197E-004	9.820000E-001	-1.408381E-004
-1.457059E-004	9.880000E-001	-1.439574E-004
-1.478876E-004	9.940000E-001	-1.470003E-004
