PV Cell Characteristics


Date and Time: 2019-11-18 19:33:50


Model:            g191113-4-1
Serial Number:    6
Operator Name:    
Cell Area(m2):    0.000012

Voc(V):           0.520000
Isc(A):           0.003352
Vm(V):            0.394000
Im(A):            0.002900
Pmax(W):          0.001142
Efficiency(%):    9.520810
Fill Factor(%):   65.549172
Jsc(A/m2):        279.320833
Rs(ohm):          25.335190
Rsh(ohm):         2466.598150
Light Intensity(W/m2):    1000.000000
Cell Temperature deg.(C): 25.000000



Raw data:
I(A)      	V(V)      	P(W)


3.375771E-003	-2.000000E-001	-6.751542E-004
3.376880E-003	-1.940000E-001	-6.551147E-004
3.377292E-003	-1.880000E-001	-6.349309E-004
3.375546E-003	-1.820000E-001	-6.143494E-004
3.375412E-003	-1.760000E-001	-5.940725E-004
3.373975E-003	-1.700000E-001	-5.735758E-004
3.374567E-003	-1.640000E-001	-5.534290E-004
3.374704E-003	-1.580000E-001	-5.332032E-004
3.373888E-003	-1.520000E-001	-5.128310E-004
3.374528E-003	-1.460000E-001	-4.926811E-004
3.373414E-003	-1.400000E-001	-4.722780E-004
3.374929E-003	-1.340000E-001	-4.522405E-004
3.374486E-003	-1.280000E-001	-4.319342E-004
3.372180E-003	-1.220000E-001	-4.114060E-004
3.371855E-003	-1.160000E-001	-3.911352E-004
3.370348E-003	-1.100000E-001	-3.707383E-004
3.370212E-003	-1.040000E-001	-3.505020E-004
3.368637E-003	-9.800000E-002	-3.301264E-004
3.367438E-003	-9.200000E-002	-3.098043E-004
3.366636E-003	-8.600000E-002	-2.895307E-004
3.365700E-003	-8.000000E-002	-2.692560E-004
3.366118E-003	-7.400000E-002	-2.490927E-004
3.365064E-003	-6.800000E-002	-2.288244E-004
3.362763E-003	-6.200000E-002	-2.084913E-004
3.361875E-003	-5.600000E-002	-1.882650E-004
3.360843E-003	-5.000000E-002	-1.680422E-004
3.360218E-003	-4.400000E-002	-1.478496E-004
3.358474E-003	-3.800000E-002	-1.276220E-004
3.357062E-003	-3.200000E-002	-1.074260E-004
3.355923E-003	-2.600000E-002	-8.725400E-005
3.355979E-003	-2.000000E-002	-6.711958E-005
3.356105E-003	-1.400000E-002	-4.698547E-005
3.354669E-003	-8.000000E-003	-2.683735E-005
3.351850E-003	-2.000000E-003	-6.703700E-006
3.349804E-003	4.000000E-003	1.339922E-005
3.348663E-003	1.000000E-002	3.348663E-005
3.346895E-003	1.600000E-002	5.355032E-005
3.345281E-003	2.200000E-002	7.359618E-005
3.344214E-003	2.800000E-002	9.363799E-005
3.342157E-003	3.400000E-002	1.136333E-004
3.341501E-003	4.000000E-002	1.336600E-004
3.341520E-003	4.600000E-002	1.537099E-004
3.339038E-003	5.200000E-002	1.736300E-004
3.336832E-003	5.800000E-002	1.935363E-004
3.334893E-003	6.400000E-002	2.134332E-004
3.333784E-003	7.000000E-002	2.333649E-004
3.331886E-003	7.600000E-002	2.532233E-004
3.330066E-003	8.200000E-002	2.730654E-004
3.328581E-003	8.800000E-002	2.929151E-004
3.327381E-003	9.400000E-002	3.127738E-004
3.327083E-003	1.000000E-001	3.327083E-004
3.327196E-003	1.060000E-001	3.526828E-004
3.324814E-003	1.120000E-001	3.723792E-004
3.322943E-003	1.180000E-001	3.921073E-004
3.321332E-003	1.240000E-001	4.118452E-004
3.318724E-003	1.300000E-001	4.314341E-004
3.317550E-003	1.360000E-001	4.511868E-004
3.315116E-003	1.420000E-001	4.707465E-004
3.314401E-003	1.480000E-001	4.905313E-004
3.313036E-003	1.540000E-001	5.102075E-004
3.312921E-003	1.600000E-001	5.300674E-004
3.312131E-003	1.660000E-001	5.498137E-004
3.308593E-003	1.720000E-001	5.690780E-004
3.306075E-003	1.780000E-001	5.884814E-004
3.304246E-003	1.840000E-001	6.079813E-004
3.302386E-003	1.900000E-001	6.274533E-004
3.300103E-003	1.960000E-001	6.468202E-004
3.297845E-003	2.020000E-001	6.661647E-004
3.294864E-003	2.080000E-001	6.853317E-004
3.292209E-003	2.140000E-001	7.045327E-004
3.289876E-003	2.200000E-001	7.237727E-004
3.288176E-003	2.260000E-001	7.431278E-004
3.286746E-003	2.320000E-001	7.625251E-004
3.282116E-003	2.380000E-001	7.811436E-004
3.277753E-003	2.440000E-001	7.997717E-004
3.273502E-003	2.500000E-001	8.183755E-004
3.269112E-003	2.560000E-001	8.368927E-004
3.264154E-003	2.620000E-001	8.552083E-004
3.259291E-003	2.680000E-001	8.734900E-004
3.254358E-003	2.740000E-001	8.916941E-004
3.250244E-003	2.800000E-001	9.100683E-004
3.247091E-003	2.860000E-001	9.286680E-004
3.241898E-003	2.920000E-001	9.466342E-004
3.233717E-003	2.980000E-001	9.636477E-004
3.225647E-003	3.040000E-001	9.805967E-004
3.217380E-003	3.100000E-001	9.973878E-004
3.207651E-003	3.160000E-001	1.013618E-003
3.198191E-003	3.220000E-001	1.029818E-003
3.185861E-003	3.280000E-001	1.044962E-003
3.172829E-003	3.340000E-001	1.059725E-003
3.159630E-003	3.400000E-001	1.074274E-003
3.144619E-003	3.460000E-001	1.088038E-003
3.126061E-003	3.520000E-001	1.100373E-003
3.103320E-003	3.580000E-001	1.110989E-003
3.079344E-003	3.640000E-001	1.120881E-003
3.051417E-003	3.700000E-001	1.129024E-003
3.019760E-003	3.760000E-001	1.135430E-003
2.984389E-003	3.820000E-001	1.140037E-003
2.944382E-003	3.880000E-001	1.142420E-003
2.899739E-003	3.940000E-001	1.142497E-003
2.850720E-003	4.000000E-001	1.140288E-003
2.794339E-003	4.060000E-001	1.134502E-003
2.729361E-003	4.120000E-001	1.124497E-003
2.656766E-003	4.180000E-001	1.110528E-003
2.576501E-003	4.240000E-001	1.092436E-003
2.489231E-003	4.300000E-001	1.070369E-003
2.392360E-003	4.360000E-001	1.043069E-003
2.286657E-003	4.420000E-001	1.010702E-003
2.171363E-003	4.480000E-001	9.727706E-004
2.045917E-003	4.540000E-001	9.288463E-004
1.912215E-003	4.600000E-001	8.796189E-004
1.767905E-003	4.660000E-001	8.238437E-004
1.611744E-003	4.720000E-001	7.607432E-004
1.446030E-003	4.780000E-001	6.912023E-004
1.270290E-003	4.840000E-001	6.148204E-004
1.084597E-003	4.900000E-001	5.314525E-004
8.896751E-004	4.960000E-001	4.412788E-004
6.861294E-004	5.020000E-001	3.444370E-004
4.736407E-004	5.080000E-001	2.406095E-004
2.506715E-004	5.140000E-001	1.288452E-004
1.736475E-005	5.200000E-001	9.029670E-006
-2.229780E-004	5.260000E-001	-1.172864E-004
-4.710514E-004	5.320000E-001	-2.505993E-004
-7.256972E-004	5.380000E-001	-3.904251E-004
-9.874307E-004	5.440000E-001	-5.371623E-004
-1.258124E-003	5.500000E-001	-6.919682E-004
-1.533693E-003	5.560000E-001	-8.527333E-004
-1.814409E-003	5.620000E-001	-1.019698E-003
-2.101952E-003	5.680000E-001	-1.193909E-003
-2.394611E-003	5.740000E-001	-1.374507E-003
-2.691402E-003	5.800000E-001	-1.561013E-003
-2.992183E-003	5.860000E-001	-1.753419E-003
-3.297621E-003	5.920000E-001	-1.952192E-003
-3.606278E-003	5.980000E-001	-2.156554E-003
-3.920415E-003	6.040000E-001	-2.367931E-003
-4.236460E-003	6.100000E-001	-2.584241E-003
-4.555514E-003	6.160000E-001	-2.806197E-003
-4.877317E-003	6.220000E-001	-3.033691E-003
-5.201333E-003	6.280000E-001	-3.266437E-003
-5.527580E-003	6.340000E-001	-3.504486E-003
-5.855856E-003	6.400000E-001	-3.747748E-003
-6.184557E-003	6.460000E-001	-3.995224E-003
-6.514763E-003	6.520000E-001	-4.247625E-003
-6.846253E-003	6.580000E-001	-4.504834E-003
-7.178682E-003	6.640000E-001	-4.766645E-003
-7.512986E-003	6.700000E-001	-5.033701E-003
-7.849194E-003	6.760000E-001	-5.306055E-003
-8.185009E-003	6.820000E-001	-5.582176E-003
-8.521731E-003	6.880000E-001	-5.862951E-003
-8.859213E-003	6.940000E-001	-6.148294E-003
-9.196866E-003	7.000000E-001	-6.437806E-003
-9.534720E-003	7.060000E-001	-6.731512E-003
-9.872363E-003	7.120000E-001	-7.029122E-003
-1.021011E-002	7.180000E-001	-7.330859E-003
-1.056091E-002	7.240000E-001	-7.646099E-003
-1.089979E-002	7.300000E-001	-7.956847E-003
-1.123851E-002	7.360000E-001	-8.271543E-003
-1.157738E-002	7.420000E-001	-8.590416E-003
-1.191777E-002	7.480000E-001	-8.914492E-003
-1.225695E-002	7.540000E-001	-9.241740E-003
-1.259611E-002	7.600000E-001	-9.573044E-003
-1.293557E-002	7.660000E-001	-9.908647E-003
-1.327550E-002	7.720000E-001	-1.024869E-002
-1.361581E-002	7.780000E-001	-1.059310E-002
-1.395673E-002	7.840000E-001	-1.094208E-002
-1.429887E-002	7.900000E-001	-1.129611E-002
-1.464194E-002	7.960000E-001	-1.165498E-002
-1.498544E-002	8.020000E-001	-1.201832E-002
-1.533026E-002	8.080000E-001	-1.238685E-002
-1.567660E-002	8.140000E-001	-1.276075E-002
-1.602553E-002	8.200000E-001	-1.314093E-002
-1.637395E-002	8.260000E-001	-1.352488E-002
-1.672455E-002	8.320000E-001	-1.391483E-002
-1.707765E-002	8.380000E-001	-1.431107E-002
-1.743015E-002	8.440000E-001	-1.471105E-002
-1.778584E-002	8.500000E-001	-1.511796E-002
-1.814336E-002	8.560000E-001	-1.553072E-002
-1.850406E-002	8.620000E-001	-1.595050E-002
-1.886585E-002	8.680000E-001	-1.637556E-002
-1.923143E-002	8.740000E-001	-1.680827E-002
-1.959924E-002	8.800000E-001	-1.724733E-002
-1.997190E-002	8.860000E-001	-1.769510E-002
-2.034796E-002	8.920000E-001	-1.815038E-002
-2.072583E-002	8.980000E-001	-1.861180E-002
-2.110679E-002	9.040000E-001	-1.908054E-002
-2.149130E-002	9.100000E-001	-1.955708E-002
-2.188022E-002	9.160000E-001	-2.004228E-002
-2.227123E-002	9.220000E-001	-2.053407E-002
-2.266734E-002	9.280000E-001	-2.103529E-002
-2.306732E-002	9.340000E-001	-2.154488E-002
-2.347250E-002	9.400000E-001	-2.206415E-002
-2.388098E-002	9.460000E-001	-2.259141E-002
-2.429621E-002	9.520000E-001	-2.312999E-002
-2.471521E-002	9.580000E-001	-2.367717E-002
-2.514254E-002	9.640000E-001	-2.423741E-002
-2.557037E-002	9.700000E-001	-2.480326E-002
-2.600436E-002	9.760000E-001	-2.538026E-002
-2.644399E-002	9.820000E-001	-2.596800E-002
-2.688922E-002	9.880000E-001	-2.656655E-002
-2.733973E-002	9.940000E-001	-2.717569E-002
