PV Cell Characteristics


Date and Time: 2019-11-18 22:11:00


Model:            g191109-3
Serial Number:    
Operator Name:    
Cell Area(m2):    0.000012

Voc(V):           0.496000
Isc(A):           0.000833
Vm(V):            0.250000
Im(A):            0.000418
Pmax(W):          0.000105
Efficiency(%):    0.871714
Fill Factor(%):   25.317402
Jsc(A/m2):        69.418158
Rs(ohm):          650.738751
Rsh(ohm):         613.810742
Light Intensity(W/m2):    1000.000000
Cell Temperature deg.(C): 25.000000



Raw data:
I(A)      	V(V)      	P(W)


1.147208E-003	-2.000000E-001	-2.294416E-004
1.137095E-003	-1.940000E-001	-2.205964E-004
1.126986E-003	-1.880000E-001	-2.118734E-004
1.117588E-003	-1.820000E-001	-2.034010E-004
1.108083E-003	-1.760000E-001	-1.950226E-004
1.098438E-003	-1.700000E-001	-1.867345E-004
1.089047E-003	-1.640000E-001	-1.786037E-004
1.079374E-003	-1.580000E-001	-1.705411E-004
1.070144E-003	-1.520000E-001	-1.626619E-004
1.060540E-003	-1.460000E-001	-1.548388E-004
1.051098E-003	-1.400000E-001	-1.471537E-004
1.041808E-003	-1.340000E-001	-1.396023E-004
1.032357E-003	-1.280000E-001	-1.321417E-004
1.023118E-003	-1.220000E-001	-1.248204E-004
1.013737E-003	-1.160000E-001	-1.175935E-004
1.004194E-003	-1.100000E-001	-1.104613E-004
9.959188E-004	-1.040000E-001	-1.035756E-004
9.863045E-004	-9.800000E-002	-9.665784E-005
9.768048E-004	-9.200000E-002	-8.986604E-005
9.674583E-004	-8.600000E-002	-8.320141E-005
9.578689E-004	-8.000000E-002	-7.662951E-005
9.485779E-004	-7.400000E-002	-7.019476E-005
9.389872E-004	-6.800000E-002	-6.385113E-005
9.293381E-004	-6.200000E-002	-5.761896E-005
9.198831E-004	-5.600000E-002	-5.151345E-005
9.101782E-004	-5.000000E-002	-4.550891E-005
9.006704E-004	-4.400000E-002	-3.962950E-005
8.908783E-004	-3.800000E-002	-3.385338E-005
8.813351E-004	-3.200000E-002	-2.820272E-005
8.716657E-004	-2.600000E-002	-2.266331E-005
8.620743E-004	-2.000000E-002	-1.724149E-005
8.525280E-004	-1.400000E-002	-1.193539E-005
8.427588E-004	-8.000000E-003	-6.742070E-006
8.330179E-004	-2.000000E-003	-1.666036E-006
8.232088E-004	4.000000E-003	3.292835E-006
8.134327E-004	1.000000E-002	8.134327E-006
8.036990E-004	1.600000E-002	1.285918E-005
7.939166E-004	2.200000E-002	1.746617E-005
7.841357E-004	2.800000E-002	2.195580E-005
7.744051E-004	3.400000E-002	2.632977E-005
7.645648E-004	4.000000E-002	3.058259E-005
7.549662E-004	4.600000E-002	3.472845E-005
7.449926E-004	5.200000E-002	3.873962E-005
7.351288E-004	5.800000E-002	4.263747E-005
7.253127E-004	6.400000E-002	4.642001E-005
7.153749E-004	7.000000E-002	5.007624E-005
7.056824E-004	7.600000E-002	5.363186E-005
6.957017E-004	8.200000E-002	5.704754E-005
6.860046E-004	8.800000E-002	6.036840E-005
6.760943E-004	9.400000E-002	6.355286E-005
6.662902E-004	1.000000E-001	6.662902E-005
6.565557E-004	1.060000E-001	6.959490E-005
6.465573E-004	1.120000E-001	7.241442E-005
6.367305E-004	1.180000E-001	7.513420E-005
6.268040E-004	1.240000E-001	7.772370E-005
6.169298E-004	1.300000E-001	8.020087E-005
6.070032E-004	1.360000E-001	8.255244E-005
5.970853E-004	1.420000E-001	8.478611E-005
5.871441E-004	1.480000E-001	8.689733E-005
5.773026E-004	1.540000E-001	8.890460E-005
5.674791E-004	1.600000E-001	9.079666E-005
5.576522E-004	1.660000E-001	9.257027E-005
5.477112E-004	1.720000E-001	9.420633E-005
5.377641E-004	1.780000E-001	9.572201E-005
5.278985E-004	1.840000E-001	9.713332E-005
5.178374E-004	1.900000E-001	9.838911E-005
5.080014E-004	1.960000E-001	9.956827E-005
4.979352E-004	2.020000E-001	1.005829E-004
4.881165E-004	2.080000E-001	1.015282E-004
4.782111E-004	2.140000E-001	1.023372E-004
4.683569E-004	2.200000E-001	1.030385E-004
4.584141E-004	2.260000E-001	1.036016E-004
4.484580E-004	2.320000E-001	1.040423E-004
4.384318E-004	2.380000E-001	1.043468E-004
4.283380E-004	2.440000E-001	1.045145E-004
4.184226E-004	2.500000E-001	1.046057E-004
4.083621E-004	2.560000E-001	1.045407E-004
3.984149E-004	2.620000E-001	1.043847E-004
3.884106E-004	2.680000E-001	1.040940E-004
3.784497E-004	2.740000E-001	1.036952E-004
3.684870E-004	2.800000E-001	1.031764E-004
3.585295E-004	2.860000E-001	1.025394E-004
3.485233E-004	2.920000E-001	1.017688E-004
3.384782E-004	2.980000E-001	1.008665E-004
3.284523E-004	3.040000E-001	9.984950E-005
3.183977E-004	3.100000E-001	9.870329E-005
3.083946E-004	3.160000E-001	9.745269E-005
2.982732E-004	3.220000E-001	9.604397E-005
2.882532E-004	3.280000E-001	9.454705E-005
2.780811E-004	3.340000E-001	9.287909E-005
2.680779E-004	3.400000E-001	9.114649E-005
2.579952E-004	3.460000E-001	8.926634E-005
2.479325E-004	3.520000E-001	8.727224E-005
2.378350E-004	3.580000E-001	8.514493E-005
2.276674E-004	3.640000E-001	8.287093E-005
2.175907E-004	3.700000E-001	8.050856E-005
2.073739E-004	3.760000E-001	7.797259E-005
1.971857E-004	3.820000E-001	7.532494E-005
1.869836E-004	3.880000E-001	7.254964E-005
1.768510E-004	3.940000E-001	6.967929E-005
1.667086E-004	4.000000E-001	6.668344E-005
1.565238E-004	4.060000E-001	6.354866E-005
1.462818E-004	4.120000E-001	6.026810E-005
1.359926E-004	4.180000E-001	5.684491E-005
1.257218E-004	4.240000E-001	5.330604E-005
1.153654E-004	4.300000E-001	4.960712E-005
1.050985E-004	4.360000E-001	4.582295E-005
9.518231E-005	4.420000E-001	4.207058E-005
8.481127E-005	4.480000E-001	3.799545E-005
7.427269E-005	4.540000E-001	3.371980E-005
6.394354E-005	4.600000E-001	2.941403E-005
5.346329E-005	4.660000E-001	2.491389E-005
4.303197E-005	4.720000E-001	2.031109E-005
3.253458E-005	4.780000E-001	1.555153E-005
2.196508E-005	4.840000E-001	1.063110E-005
1.147828E-005	4.900000E-001	5.624357E-006
1.105321E-006	4.960000E-001	5.482392E-007
-6.962300E-006	5.020000E-001	-3.495075E-006
-2.005757E-005	5.080000E-001	-1.018925E-005
-3.080392E-005	5.140000E-001	-1.583321E-005
-4.163715E-005	5.200000E-001	-2.165132E-005
-5.237719E-005	5.260000E-001	-2.755040E-005
-6.325721E-005	5.320000E-001	-3.365284E-005
-7.403507E-005	5.380000E-001	-3.983087E-005
-8.491054E-005	5.440000E-001	-4.619133E-005
-9.583796E-005	5.500000E-001	-5.271088E-005
-1.067983E-004	5.560000E-001	-5.937985E-005
-1.179657E-004	5.620000E-001	-6.629672E-005
-1.291259E-004	5.680000E-001	-7.334351E-005
-1.401512E-004	5.740000E-001	-8.044679E-005
-1.513445E-004	5.800000E-001	-8.777981E-005
-1.624874E-004	5.860000E-001	-9.521762E-005
-1.737477E-004	5.920000E-001	-1.028586E-004
-1.850413E-004	5.980000E-001	-1.106547E-004
-1.964902E-004	6.040000E-001	-1.186801E-004
-2.079366E-004	6.100000E-001	-1.268413E-004
-2.194030E-004	6.160000E-001	-1.351522E-004
-2.309597E-004	6.220000E-001	-1.436569E-004
-2.424865E-004	6.280000E-001	-1.522815E-004
-2.541860E-004	6.340000E-001	-1.611539E-004
-2.658497E-004	6.400000E-001	-1.701438E-004
-2.777010E-004	6.460000E-001	-1.793948E-004
-2.895302E-004	6.520000E-001	-1.887737E-004
-3.014732E-004	6.580000E-001	-1.983694E-004
-3.134380E-004	6.640000E-001	-2.081228E-004
-3.254801E-004	6.700000E-001	-2.180717E-004
-3.376896E-004	6.760000E-001	-2.282782E-004
-3.498364E-004	6.820000E-001	-2.385884E-004
-3.621857E-004	6.880000E-001	-2.491838E-004
-3.745086E-004	6.940000E-001	-2.599090E-004
-3.869998E-004	7.000000E-001	-2.708999E-004
-3.994807E-004	7.060000E-001	-2.820334E-004
-4.120570E-004	7.120000E-001	-2.933846E-004
-4.246864E-004	7.180000E-001	-3.049248E-004
-4.373764E-004	7.240000E-001	-3.166605E-004
-4.502158E-004	7.300000E-001	-3.286575E-004
-4.630788E-004	7.360000E-001	-3.408260E-004
-4.761195E-004	7.420000E-001	-3.532807E-004
-4.891841E-004	7.480000E-001	-3.659097E-004
-5.023753E-004	7.540000E-001	-3.787910E-004
-5.155013E-004	7.600000E-001	-3.917810E-004
-5.288273E-004	7.660000E-001	-4.050817E-004
-5.422007E-004	7.720000E-001	-4.185789E-004
-5.556927E-004	7.780000E-001	-4.323289E-004
-5.692543E-004	7.840000E-001	-4.462954E-004
-5.828741E-004	7.900000E-001	-4.604705E-004
-5.966607E-004	7.960000E-001	-4.749419E-004
-6.103992E-004	8.020000E-001	-4.895402E-004
-6.243283E-004	8.080000E-001	-5.044573E-004
-6.382298E-004	8.140000E-001	-5.195191E-004
-6.524253E-004	8.200000E-001	-5.349887E-004
-6.666204E-004	8.260000E-001	-5.506285E-004
-6.809304E-004	8.320000E-001	-5.665341E-004
-6.953049E-004	8.380000E-001	-5.826655E-004
-7.097450E-004	8.440000E-001	-5.990248E-004
-7.243046E-004	8.500000E-001	-6.156589E-004
-7.388914E-004	8.560000E-001	-6.324910E-004
-7.536495E-004	8.620000E-001	-6.496459E-004
-7.684195E-004	8.680000E-001	-6.669881E-004
-7.834622E-004	8.740000E-001	-6.847460E-004
-7.985150E-004	8.800000E-001	-7.026932E-004
-8.137806E-004	8.860000E-001	-7.210096E-004
-8.291206E-004	8.920000E-001	-7.395756E-004
-8.444354E-004	8.980000E-001	-7.583030E-004
-8.599188E-004	9.040000E-001	-7.773666E-004
-8.754391E-004	9.100000E-001	-7.966496E-004
-8.912386E-004	9.160000E-001	-8.163746E-004
-9.070245E-004	9.220000E-001	-8.362766E-004
-9.229881E-004	9.280000E-001	-8.565330E-004
-9.389995E-004	9.340000E-001	-8.770255E-004
-9.551762E-004	9.400000E-001	-8.978656E-004
-9.714919E-004	9.460000E-001	-9.190313E-004
-9.878769E-004	9.520000E-001	-9.404588E-004
-1.004389E-003	9.580000E-001	-9.622047E-004
-1.021072E-003	9.640000E-001	-9.843134E-004
-1.037849E-003	9.700000E-001	-1.006714E-003
-1.062279E-003	9.760000E-001	-1.036784E-003
-1.079007E-003	9.820000E-001	-1.059585E-003
-1.095899E-003	9.880000E-001	-1.082748E-003
-1.112901E-003	9.940000E-001	-1.106224E-003
