PV Cell Characteristics


Date and Time: 2019-11-18 22:15:23


Model:            g191109-1
Serial Number:    
Operator Name:    
Cell Area(m2):    0.000012

Voc(V):           -0.002000
Isc(A):           0.001156
Vm(V):            -0.200000
Im(A):            0.098873
Pmax(W):          -0.019775
Efficiency(%):    -164.788833
Fill Factor(%):   855619.189045
Jsc(A/m2):        96.298000
Rs(ohm):          1.978042
Rsh(ohm):         1.978042
Light Intensity(W/m2):    1000.000000
Cell Temperature deg.(C): 25.000000



Raw data:
I(A)      	V(V)      	P(W)


9.887330E-002	-2.000000E-001	-1.977466E-002
9.603144E-002	-1.940000E-001	-1.863010E-002
9.312586E-002	-1.880000E-001	-1.750766E-002
9.020578E-002	-1.820000E-001	-1.641745E-002
8.727340E-002	-1.760000E-001	-1.536012E-002
8.433764E-002	-1.700000E-001	-1.433740E-002
8.139417E-002	-1.640000E-001	-1.334864E-002
7.845005E-002	-1.580000E-001	-1.239511E-002
7.550313E-002	-1.520000E-001	-1.147648E-002
7.255385E-002	-1.460000E-001	-1.059286E-002
6.961900E-002	-1.400000E-001	-9.746660E-003
6.667524E-002	-1.340000E-001	-8.934482E-003
6.373113E-002	-1.280000E-001	-8.157585E-003
6.077160E-002	-1.220000E-001	-7.414135E-003
5.781331E-002	-1.160000E-001	-6.706344E-003
5.485421E-002	-1.100000E-001	-6.033963E-003
5.189334E-002	-1.040000E-001	-5.396907E-003
4.893519E-002	-9.800000E-002	-4.795649E-003
4.597121E-002	-9.200000E-002	-4.229351E-003
4.301402E-002	-8.600000E-002	-3.699206E-003
4.004761E-002	-8.000000E-002	-3.203809E-003
3.707406E-002	-7.400000E-002	-2.743480E-003
3.409041E-002	-6.800000E-002	-2.318148E-003
3.110688E-002	-6.200000E-002	-1.928627E-003
2.812560E-002	-5.600000E-002	-1.575034E-003
2.514663E-002	-5.000000E-002	-1.257332E-003
2.216079E-002	-4.400000E-002	-9.750748E-004
1.916757E-002	-3.800000E-002	-7.283677E-004
1.617598E-002	-3.200000E-002	-5.176314E-004
1.316775E-002	-2.600000E-002	-3.423615E-004
1.015618E-002	-2.000000E-002	-2.031236E-004
7.157630E-003	-1.400000E-002	-1.002068E-004
4.178287E-003	-8.000000E-003	-3.342630E-005
1.155576E-003	-2.000000E-003	-2.311152E-006
-1.888318E-003	4.000000E-003	-7.553272E-006
-4.946362E-003	1.000000E-002	-4.946362E-005
-7.989112E-003	1.600000E-002	-1.278258E-004
-1.109344E-002	2.200000E-002	-2.440557E-004
-1.415568E-002	2.800000E-002	-3.963590E-004
-1.722198E-002	3.400000E-002	-5.855473E-004
-2.028712E-002	4.000000E-002	-8.114848E-004
-2.336849E-002	4.600000E-002	-1.074951E-003
-2.645030E-002	5.200000E-002	-1.375416E-003
-2.954199E-002	5.800000E-002	-1.713435E-003
-3.264659E-002	6.400000E-002	-2.089382E-003
-3.577014E-002	7.000000E-002	-2.503910E-003
-3.890008E-002	7.600000E-002	-2.956406E-003
-4.202937E-002	8.200000E-002	-3.446408E-003
-4.516524E-002	8.800000E-002	-3.974541E-003
-4.830742E-002	9.400000E-002	-4.540897E-003
-5.146702E-002	1.000000E-001	-5.146702E-003
-5.463254E-002	1.060000E-001	-5.791049E-003
-5.781600E-002	1.120000E-001	-6.475392E-003
-6.100841E-002	1.180000E-001	-7.198992E-003
-6.421713E-002	1.240000E-001	-7.962924E-003
-6.743494E-002	1.300000E-001	-8.766542E-003
-7.064743E-002	1.360000E-001	-9.608050E-003
-7.387261E-002	1.420000E-001	-1.048991E-002
-7.711165E-002	1.480000E-001	-1.141252E-002
-8.037000E-002	1.540000E-001	-1.237698E-002
-8.364149E-002	1.600000E-001	-1.338264E-002
-8.692632E-002	1.660000E-001	-1.442977E-002
-9.021917E-002	1.720000E-001	-1.551770E-002
-9.352940E-002	1.780000E-001	-1.664823E-002
-9.684077E-002	1.840000E-001	-1.781870E-002
-1.001599E-001	1.900000E-001	-1.903038E-002
-1.034964E-001	1.960000E-001	-2.028529E-002
-1.067577E-001	2.020000E-001	-2.156506E-002
-1.101345E-001	2.080000E-001	-2.290798E-002
-1.134698E-001	2.140000E-001	-2.428254E-002
-1.169158E-001	2.200000E-001	-2.572148E-002
-1.203210E-001	2.260000E-001	-2.719255E-002
-1.237278E-001	2.320000E-001	-2.870485E-002
-1.271685E-001	2.380000E-001	-3.026610E-002
-1.306087E-001	2.440000E-001	-3.186852E-002
-1.340993E-001	2.500000E-001	-3.352483E-002
-1.375392E-001	2.560000E-001	-3.521004E-002
-1.410644E-001	2.620000E-001	-3.695887E-002
-1.445332E-001	2.680000E-001	-3.873490E-002
-1.480708E-001	2.740000E-001	-4.057140E-002
-1.516248E-001	2.800000E-001	-4.245494E-002
-1.551327E-001	2.860000E-001	-4.436795E-002
-1.586637E-001	2.920000E-001	-4.632980E-002
-1.622389E-001	2.980000E-001	-4.834719E-002
-1.658173E-001	3.040000E-001	-5.040846E-002
-1.694431E-001	3.100000E-001	-5.252736E-002
-1.730721E-001	3.160000E-001	-5.469078E-002
-1.767140E-001	3.220000E-001	-5.690191E-002
-1.803811E-001	3.280000E-001	-5.916500E-002
-1.840826E-001	3.340000E-001	-6.148359E-002
-1.876947E-001	3.400000E-001	-6.381620E-002
-1.914218E-001	3.460000E-001	-6.623194E-002
-1.951727E-001	3.520000E-001	-6.870079E-002
-1.988564E-001	3.580000E-001	-7.119059E-002
-2.026070E-001	3.640000E-001	-7.374895E-002
-2.063922E-001	3.700000E-001	-7.636511E-002
-2.101468E-001	3.760000E-001	-7.901520E-002
-2.139660E-001	3.820000E-001	-8.173501E-002
-2.177674E-001	3.880000E-001	-8.449375E-002
-2.216028E-001	3.940000E-001	-8.731150E-002
-2.254211E-001	4.000000E-001	-9.016844E-002
-2.292769E-001	4.060000E-001	-9.308642E-002
-2.332176E-001	4.120000E-001	-9.608565E-002
-2.371156E-001	4.180000E-001	-9.911432E-002
-2.410594E-001	4.240000E-001	-1.022092E-001
-2.450212E-001	4.300000E-001	-1.053591E-001
-2.489453E-001	4.360000E-001	-1.085402E-001
-2.529233E-001	4.420000E-001	-1.117921E-001
-2.569379E-001	4.480000E-001	-1.151082E-001
-2.609968E-001	4.540000E-001	-1.184925E-001
-2.650079E-001	4.600000E-001	-1.219036E-001
-2.690616E-001	4.660000E-001	-1.253827E-001
-2.731094E-001	4.720000E-001	-1.289076E-001
-2.772708E-001	4.780000E-001	-1.325354E-001
-2.813525E-001	4.840000E-001	-1.361746E-001
-2.855012E-001	4.900000E-001	-1.398956E-001
-2.896274E-001	4.960000E-001	-1.436552E-001
-2.938098E-001	5.020000E-001	-1.474925E-001
-2.979886E-001	5.080000E-001	-1.513782E-001
-3.021913E-001	5.140000E-001	-1.553263E-001
-3.064607E-001	5.200000E-001	-1.593596E-001
-3.107225E-001	5.260000E-001	-1.634400E-001
-3.150109E-001	5.320000E-001	-1.675858E-001
-3.193059E-001	5.380000E-001	-1.717866E-001
-3.236312E-001	5.440000E-001	-1.760554E-001
-3.279236E-001	5.500000E-001	-1.803580E-001
-3.323016E-001	5.560000E-001	-1.847597E-001
-3.366868E-001	5.620000E-001	-1.892180E-001
-3.410806E-001	5.680000E-001	-1.937338E-001
-3.455466E-001	5.740000E-001	-1.983437E-001
-3.500252E-001	5.800000E-001	-2.030146E-001
-3.544456E-001	5.860000E-001	-2.077051E-001
-3.589538E-001	5.920000E-001	-2.125006E-001
-3.634806E-001	5.980000E-001	-2.173614E-001
-3.680010E-001	6.040000E-001	-2.222726E-001
-3.725727E-001	6.100000E-001	-2.272693E-001
-3.771847E-001	6.160000E-001	-2.323458E-001
-3.818264E-001	6.220000E-001	-2.374960E-001
-3.864697E-001	6.280000E-001	-2.427030E-001
-3.911347E-001	6.340000E-001	-2.479794E-001
-3.958607E-001	6.400000E-001	-2.533508E-001
-4.005302E-001	6.460000E-001	-2.587425E-001
-4.052749E-001	6.520000E-001	-2.642392E-001
-4.100453E-001	6.580000E-001	-2.698098E-001
-4.148649E-001	6.640000E-001	-2.754703E-001
-4.196564E-001	6.700000E-001	-2.811698E-001
-4.245846E-001	6.760000E-001	-2.870192E-001
-4.294590E-001	6.820000E-001	-2.928910E-001
-4.343876E-001	6.880000E-001	-2.988587E-001
-4.393185E-001	6.940000E-001	-3.048870E-001
-4.442828E-001	7.000000E-001	-3.109980E-001
-4.492899E-001	7.060000E-001	-3.171987E-001
-4.542914E-001	7.120000E-001	-3.234555E-001
-4.593354E-001	7.180000E-001	-3.298028E-001
-4.644668E-001	7.240000E-001	-3.362740E-001
-4.695255E-001	7.300000E-001	-3.427536E-001
-4.747019E-001	7.360000E-001	-3.493806E-001
-4.799158E-001	7.420000E-001	-3.560975E-001
-4.851107E-001	7.480000E-001	-3.628628E-001
-4.903418E-001	7.540000E-001	-3.697177E-001
-4.955907E-001	7.600000E-001	-3.766489E-001
-5.004084E-001	7.660000E-001	-3.833128E-001
-5.002455E-001	7.720000E-001	-3.861895E-001
-5.001667E-001	7.780000E-001	-3.891297E-001
-5.001914E-001	7.840000E-001	-3.921501E-001
-5.001324E-001	7.900000E-001	-3.951046E-001
-5.001453E-001	7.960000E-001	-3.981157E-001
-5.001790E-001	8.020000E-001	-4.011436E-001
-5.001292E-001	8.080000E-001	-4.041044E-001
-5.001748E-001	8.140000E-001	-4.071423E-001
-5.001765E-001	8.200000E-001	-4.101447E-001
-5.002304E-001	8.260000E-001	-4.131903E-001
-5.001388E-001	8.320000E-001	-4.161155E-001
-5.002065E-001	8.380000E-001	-4.191730E-001
-5.001528E-001	8.440000E-001	-4.221290E-001
-5.001528E-001	8.500000E-001	-4.251299E-001
-5.001076E-001	8.560000E-001	-4.280921E-001
-5.000933E-001	8.620000E-001	-4.310804E-001
-5.001502E-001	8.680000E-001	-4.341304E-001
-5.002094E-001	8.740000E-001	-4.371830E-001
-5.002107E-001	8.800000E-001	-4.401854E-001
-5.002055E-001	8.860000E-001	-4.431821E-001
-5.002038E-001	8.920000E-001	-4.461818E-001
-5.002142E-001	8.980000E-001	-4.491924E-001
-5.001968E-001	9.040000E-001	-4.521779E-001
-5.001457E-001	9.100000E-001	-4.551326E-001
-5.001163E-001	9.160000E-001	-4.581065E-001
-5.001464E-001	9.220000E-001	-4.611350E-001
-5.001702E-001	9.280000E-001	-4.641579E-001
-5.001968E-001	9.340000E-001	-4.671838E-001
-5.001543E-001	9.400000E-001	-4.701450E-001
-5.002042E-001	9.460000E-001	-4.731932E-001
-5.001968E-001	9.520000E-001	-4.761874E-001
-5.001712E-001	9.580000E-001	-4.791640E-001
-5.001553E-001	9.640000E-001	-4.821497E-001
-5.001457E-001	9.700000E-001	-4.851413E-001
-5.001712E-001	9.760000E-001	-4.881671E-001
-5.001428E-001	9.820000E-001	-4.911402E-001
-5.001563E-001	9.880000E-001	-4.941544E-001
-5.001944E-001	9.940000E-001	-4.971932E-001
